10000
840
9139
2777
1525
3603
3295
9930
492
9783
1421
9059
2234
2442
59
2697
3926
752
6152
8553
5377
5211
9996
2567
1934
5782
1530
2862
7297
446
9308
1221
9802
6326
3058
1908
8167
1393
2019
3643
3322
9193
9652
8854
4919
5552
8537
5198
4324
4291
7049
1115
9043
268
5022
6084
1873
2412
3070
3690
7185
4233
8409
2699
3211
8639
6505
3582
5242
2508
3360
7974
8047
3063
4717
4848
4706
1930
4202
5001
3750
1087
5754
5599
102
5106
579
4376
741
1352
2399
1734
1366
9676
5459
8607
8690
2762
106
3237
7322
795
570
1434
378
5607
6601
2518
3496
1639
1085
5632
756
7301
2542
4687
8462
5025
3504
4515
6619
9738
4729
440
7646
5878
3427
211
249
9029
2440
4938
5320
9497
2353
4586
6965
2016
4683
6219
1253
1109
2871
4932
8829
9503
5736
7923
93
9708
3767
5890
2072
1080
723
4705
2245
2846
3451
1815
4268
6519
7066
7764
1897
1446
5686
5193
1500
5183
162
9175
7425
6698
7777
921
6491
3647
8423
5091
859
9514
5307
4577
9852
3275
7390
7960
915
8858
4395
6029
1237
3664
3793
4668
4428
3709
6581
5928
9529
2342
2404
4360
5763
4613
4538
8169
2315
2904
4818
2198
688
3175
6232
9917
9252
8352
7743
9470
2183
1588
5499
735
6725
6999
5590
6206
8139
7076
8357
7669
3964
8542
8464
1011
558
3600
1271
6348
2667
3622
6292
2501
7343
4197
7816
4340
5422
3311
6313
2815
6187
5661
6869
6750
2117
3652
8039
1793
6909
4624
5621
4198
3262
8282
3110
6051
8201
4167
7288
7253
2036
3406
1899
9379
124
5142
3895
973
1754
3881
4930
1951
5894
8660
2858
1178
1602
8115
485
1236
3773
2487
9918
6920
8637
5730
2278
5084
1340
4210
5896
6529
5929
4153
4598
6337
9756
282
8418
4633
7712
3348
3285
1659
2009
2336
5210
6342
4305
8206
6122
3571
9584
5321
1255
5225
4599
7721
9904
5206
428
3940
5667
2705
1697
3056
928
5984
1716
3920
9224
2422
8939
1396
6889
706
4487
9292
3395
5891
3850
3780
3910
1222
242
1392
6042
599
9466
1953
2791
524
2590
7592
3108
8819
4504
418
1155
3721
3651
379
4769
5918
1776
2135
4117
1860
8142
4245
1534
1993
3205
7621
5129
2737
4890
6470
8188
1326
4842
6903
8202
3202
3506
3557
2021
2842
2434
1194
5923
8872
2770
4993
498
6044
366
7753
6079
3303
3887
2133
1648
6792
887
7567
5234
3187
199
397
5985
3788
9797
2597
6990
410
604
3851
3186
1523
1195
7686
9125
1152
2247
3298
3692
9157
3729
2510
2460
3414
155
7210
6304
4483
3671
2773
8895
2105
8902
4794
7697
8699
1043
2212
3655
5363
7623
9248
1894
4783
8538
6159
3077
5030
2134
1539
2868
5419
9890
504
5629
4363
964
8285
23
583
6335
3177
2900
5238
2179
6949
7240
5324
5476
2498
6075
4199
9049
2764
8390
8622
1384
4478
569
8459
6706
3372
357
2298
9117
9275
6761
307
6309
1209
4894
3845
6367
3642
4736
8298
1626
1506
2139
9614
1414
8771
3898
6312
1952
5268
271
5493
3169
2083
813
5067
781
6436
758
2647
6970
9276
626
7426
2101
6096
3659
2304
692
7584
8355
1088
9932
9624
4532
9973
881
6189
149
6355
2239
6620
5433
4440
1339
8338
6890
3104
4145
4658
1746
606
2039
3318
7804
1429
3059
5217
2222
5616
783
6282
8458
873
734
4289
7971
6607
5343
4408
5615
4471
4094
5606
2084
6740
3822
4975
1363
3074
4936
1688
3681
622
194
2600
3545
1616
9670
1945
8760
337
2727
3173
9847
6959
7462
6682
1780
1820
5453
5057
5115
1521
4708
5922
1491
1947
2951
9231
5021
2204
3684
5054
1572
4098
5505
1081
7516
1389
8300
3373
2341
1796
2630
2338
2177
2244
2462
5102
9862
2899
1891
4977
8844
6874
6280
4176
6536
8029
398
4857
968
2421
2152
675
4464
5236
7560
7818
5105
4661
474
5149
1270
1805
9934
3291
8073
7568
3614
3589
3768
8993
8552
9564
5728
6318
8443
6717
5864
353
1574
727
6593
1486
5959
1886
594
7814
4713
1055
8377
123
1856
7306
7229
3479
2714
7190
1017
4257
4907
3548
2502
1196
441
8650
6328
61
3791
6710
4383
4645
2778
9732
1633
7090
5803
8130
4904
8571
9273
9633
9685
4789
8063
8900
6851
5846
8141
3481
6605
9485
9006
5175
457
9698
1120
6188
1649
6763
8535
8157
3981
865
4468
1998
9055
388
6030
9211
8356
2357
5196
4138
7321
3966
2474
4172
9921
9549
2040
730
2118
9840
6199
4256
8100
1179
7751
9288
5618
7146
7522
2674
6924
1995
9435
1232
9204
228
3921
3536
1084
5640
203
9953
7768
9262
9683
1041
1266
1723
4407
4431
9606
4154
7335
3471
198
2210
2747
3270
6705
9064
2736
3667
1703
4653
9933
5480
3959
676
3025
5435
5586
62
1308
4208
6020
2229
156
8898
2715
3976
5171
8189
1559
7285
8360
9016
8224
7154
6539
1771
3378
8109
7926
5081
900
5716
6047
401
8067
3520
6273
2154
948
6532
2122
1281
3337
4850
7547
6590
2254
5350
1131
3813
1724
9713
3297
3783
1601
8171
1034
1546
2551
7487
8503
3962
8825
1618
3112
2455
943
5887
4022
5596
6983
509
1301
4297
9778
1233
9999
1962
1218
6937
5776
4527
1537
8659
2587
90
6176
1144
4266
3563
7848
3682
111
5540
9086
8219
1008
5990
4583
7314
1476
9344
5820
5127
6724
5528
4726
265
8336
1136
1360
1853
3095
929
9150
2878
6621
7382
753
9459
4225
1719
4570
3733
9641
9739
8391
1783
3225
8657
9097
960
6760
1269
9152
9057
3149
3942
4916
5404
8398
1888
4496
2178
7416
1273
8362
5199
4552
4118
6547
8777
7539
7420
8566
9766
7017
6926
2735
7471
4235
8184
1098
223
227
3350
3428
1412
1395
9143
6301
122
3997
2555
9672
9684
9450
2927
6973
4809
8283
9135
3038
8382
8768
6515
9334
4670
5274
1976
3356
2494
2957
2092
5214
8762
2972
1541
3757
9627
9636
1285
2480
3387
77
2414
1992
9015
6506
9851
6364
4177
1966
5843
3172
8456
3537
1056
8828
2433
5010
6918
173
860
8341
644
5352
9063
2732
34
6930
5116
3083
9581
4112
8991
4378
9821
3408
209
5181
9424
802
2576
9875
3679
6141
1570
4493
8278
8220
6170
1956
5452
494
8225
6814
8951
4314
117
1118
9523
6602
6969
1458
7796
2621
4377
717
7289
7
1507
7650
5627
4419
1817
9769
8333
4313
4508
3198
4949
236
5155
4
7228
2793
3890
1502
5563
9991
703
2282
6166
6192
4254
5628
2048
6765
3562
6413
6511
2027
3886
8364
1461
1315
2659
6373
6289
2410
3469
5558
1225
5330
5383
145
4739
1426
4593
2046
3235
9289
4609
2448
7691
6912
2857
67
625
1453
3346
3946
5779
4905
9718
9787
1183
6940
2848
7424
4573
5665
5062
9244
4281
8755
2496
8596
3141
8153
1256
8778
6980
5393
3485
1336
8137
8838
3602
9559
6898
2160
4562
2877
1464
6849
7160
451
1391
2560
4331
5675
8789
4140
5897
3466
9601
2557
2493
4892
5153
1513
3321
7690
8204
2427
3638
5801
4078
7667
8120
2671
6180
5943
9095
3538
3024
2226
9154
2386
4611
6025
6568
702
3915
5976
8433
9663
4971
5809
3711
9649
1499
4269
7339
7464
1742
720
1126
4065
9711
6024
9404
113
240
69
4133
3762
5678
5837
5527
2827
1519
6338
5354
6976
3124
8624
2838
8476
8294
7695
1712
5269
5342
4011
7414
2187
640
326
995
3996
4673
3440
598
2450
1555
4802
8022
6013
8089
3610
5205
5960
1419
1784
1193
9829
4540
8816
918
1166
2643
3605
2443
6579
5361
140
6772
3118
2700
8601
4882
3787
4899
5551
2328
1386
519
4146
2673
452
3991
9045
2395
6092
2149
1543
6435
7378
8480
4166
871
6354
2536
8437
5174
1767
2834
522
5547
6006
6709
5165
9156
5345
7069
5029
109
2755
6033
3060
8569
7888
4801
6060
5958
9929
495
8925
1743
6987
3091
4089
6527
7670
2
8135
4168
3758
2124
9910
4213
5186
9579
5862
6794
245
617
4768
932
2420
2437
4263
295
3590
9939
6202
6513
1631
168
8257
9845
2524
8580
1000
1607
7279
920
4958
6421
8972
6564
3516
4158
1068
6167
970
2208
5472
3446
331
8111
5883
3585
9723
8178
1557
3324
2339
9174
5344
7938
7050
2344
9294
8441
3777
3353
905
4650
1135
3812
1876
3782
1990
3953
2109
4015
248
2137
8765
4937
1062
7305
2540
4584
2066
7014
4808
9492
5609
6720
2205
2640
2763
138
3415
9873
134
9841
670
1800
3379
7456
2889
6339
1280
3165
2275
3738
567
1535
4827
2547
9489
2164
3685
8666
1978
2908
6563
4690
8427
5494
9819
796
7581
3919
2007
7652
3821
6883
2438
1988
4170
4123
4680
1586
1231
4181
4694
6463
9007
7514
6041
1905
942
6142
6066
2174
4275
5734
4978
5806
6966
1870
3384
5333
305
4524
538
9155
5159
9035
9333
2553
4220
4921
1561
2035
5951
8107
182
3274
6521
3861
2906
2334
6915
631
8840
195
1322
5037
3633
9441
4640
4834
1852
5185
8977
2100
5097
2408
8329
3349
9664
9219
2634
1589
7914
4973
2411
2765
9256
7930
6626
9980
4860
133
9569
3085
6655
6747
3003
6320
1727
1191
5468
3847
3947
4342
2300
3412
2807
4030
4984
362
6508
711
3747
2030
1982
4544
3540
3320
4092
6184
2710
9351
9499
7134
3259
3432
3238
3062
1971
9158
3842
8432
6553
5934
9810
5322
1887
3596
5815
3632
108
7951
8138
1072
9451
2374
1292
6954
3037
5188
5861
2321
924
5360
4088
3879
8620
3941
3293
266
7942
4740
6756
3162
1795
3870
2987
3772
1643
7025
2241
384
5783
1788
1670
533
5950
1676
3229
5339
9011
7494
8077
2223
2854
6382
5444
4308
2425
8738
3528
6951
6090
4811
8387
8086
6163
2182
100
5492
4156
6102
9511
6089
9582
875
4107
3072
6490
5740
8411
2664
9544
888
4270
8096
3439
3260
556
4286
2564
9691
1163
4449
658
7952
9764
6182
4697
9900
7604
3674
6228
2163
5490
3473
7262
6526
8841
8483
9883
5292
1405
1913
2349
508
6422
2140
1968
2266
2255
6658
1478
9751
470
1114
2252
7052
5220
784
785
6613
4671
2743
8721
4826
6997
101
7127
6203
2398
2123
57
8273
2798
667
5248
1235
5092
2935
5671
1706
8223
5382
7617
455
5582
8197
2563
2836
5381
439
9895
5905
5369
637
9736
1761
9488
2561
2654
6259
80
8667
8481
8330
1929
9071
1344
6919
4807
2856
2468
6855
9747
4854
2366
3134
3759
8429
9221
7407
1206
6234
5299
6944
5901
1714
6689
8331
7755
8645
7558
1691
6071
6346
8101
8000
8320
7400
9942
8049
95
8023
7401
6622
1581
6150
4290
503
8527
4277
4548
9560
7642
551
2973
1937
4560
3748
4891
4124
9409
8863
5400
1832
2786
7766
2406
2127
6356
994
4410
7653
6631
5502
6128
2717
344
9359
2744
1289
3436
4901
1454
8989
4157
2490
9618
2604
6238
861
3705
6738
154
5457
5692
6544
6736
3426
1425
6169
7162
4961
1410
9128
5139
5018
9180
1548
8944
8855
3550
4533
2948
6627
7150
1515
9610
914
4486
2554
6462
5190
5140
9634
5379
6904
7588
7003
3668
372
6630
4191
5063
5520
1582
7159
6609
7142
3399
6582
8422
9065
5113
7308
98
4110
7629
1840
2802
2681
3891
2819
1268
6925
5341
2728
8602
5103
515
2107
1749
1763
2873
4049
7051
2463
4545
7589
7654
8448
4607
2428
8482
5689
4880
6576
2337
7797
798
1871
3694
5589
8014
4782
8933
7386
3985
662
2265
3170
8615
5664
355
2724
562
6350
3236
3837
6005
1204
6158
5164
6023
7432
8162
2111
8831
6410
5659
3167
3575
9955
4028
2917
463
2781
2359
3836
8017
2138
5375
9901
951
5792
4970
5036
7377
1167
4817
6389
4144
884
1563
4536
6686
6906
2999
8619
3316
8740
6839
2082
5567
2986
1809
3008
5767
2144
1501
5306
1267
9310
1030
2162
9719
486
9075
5200
3934
1728
9954
7729
2594
661
4721
9687
3120
2125
8694
9799
4404
7120
9148
3224
5836
775
608
8884
2104
1067
4931
6721
1208
1715
2488
6810
2322
8861
3129
4927
8328
3272
8453
8583
3576
6091
8582
1153
4119
6115
8502
9277
7676
742
6293
3341
7044
6195
2020
7799
8447
40
4797
5666
7549
2141
142
3459
8193
3250
7563
2825
1113
6984
4610
9266
7036
7296
910
7071
6783
1663
1296
4684
8744
9490
3534
8243
7556
6017
2424
5250
4451
2548
1002
2930
3579
6758
6853
392
6634
414
2711
8508
4105
6105
5169
8541
3630
4472
4565
5595
1219
7265
5391
424
3107
9053
8850
3558
9471
2302
6443
9963
2713
5038
6227
6277
252
9433
719
4502
1902
3669
853
3086
9927
5491
4730
8313
1160
3568
2925
9105
9483
5496
7748
1700
4712
7865
462
2313
4813
4513
8628
4019
2953
9886
2060
2903
9742
2059
2481
7195
3089
7889
7854
9369
7736
6140
2789
5704
1265
2901
5733
2892
7583
1119
4127
8528
3180
5128
2055
2253
4723
4692
197
9080
4401
7318
8325
7645
592
3335
2636
8982
1051
2795
3841
2784
8803
2449
4840
3882
8155
776
6846
5695
698
3265
4351
4062
9067
1828
5104
8218
3453
147
7152
9161
5235
6098
7641
2601
6251
9144
9410
105
8291
5719
2352
3389
2157
5275
597
3956
5738
2613
7987
1252
7834
7132
1818
5553
9164
4664
7043
7572
5015
1291
8886
3542
26
3640
5376
5859
5938
7861
2916
7533
8888
882
9415
7794
2716
4556
3189
4125
5319
1693
4319
3908
3240
8647
9728
5863
9871
3405
6644
5231
9696
3519
7535
2405
8471
5594
3127
188
3852
7508
5639
2330
7805
941
7344
8945
6310
6923
1048
3499
4200
639
121
3130
4758
3231
2354
7979
8832
2837
6372
4922
5904
7698
4875
5626
1977
1371
4485
6161
4755
7123
1279
6268
3477
827
4833
9705
2363
8221
30
4693
7438
3150
8465
8110
3242
8287
9388
9407
4462
4951
6439
6718
365
7182
7133
2932
9024
3182
8348
2941
6657
8129
2426
7294
7630
4953
616
2470
7137
7126
8584
6160
1658
9761
1702
976
877
6303
1823
9639
1833
9426
6358
3444
4371
5813
7107
7145
4589
4744
224
3139
5412
1699
4893
1772
1973
946
2042
5789
3763
3336
9030
6369
6503
3636
8241
2801
3776
5355
5554
3727
5061
8264
7892
3627
9721
3420
821
9825
718
4763
8842
181
2611
1018
3798
9970
6701
4320
9194
5384
3722
1807
64
7704
7631
4779
1381
9475
2397
497
5850
5247
2114
4995
6892
516
478
3031
5970
9925
1687
9021
6884
4632
7665
1496
1470
4096
2376
85
935
3704
2190
4388
3999
6399
681
4494
9617
9104
9612
6349
3853
6722
8292
4799
603
8617
4450
7998
5680
8246
687
5838
1293
7855
7638
8389
7856
7083
4175
6291
7258
3825
7824
7756
2582
7810
2439
4080
9286
7222
3491
6989
5120
6054
8656
8388
7488
8992
2738
5841
4521
1779
6848
868
2088
3109
4042
7605
6314
7896
8577
8488
4461
5135
2596
1564
8140
3598
2061
280
4435
4214
3454
9962
967
9590
4702
7257
3197
7440
1609
6788
6891
6299
208
5289
9620
4384
5539
2216
5074
4044
2051
4886
9667
315
7319
5161
3818
6676
5657
1914
8126
5463
8215
119
3925
2129
3877
468
6583
2822
4051
623
3117
5201
4757
3100
3276
7056
8813
6530
5278
7957
3683
6250
6448
7744
630
9116
1063
1747
1822
1223
9922
9439
9176
2202
8709
2974
5219
3823
1310
6850
4738
5426
5043
4597
2814
5148
8693
8988
7177
9906
5026
621
1799
8259
3760
1593
4617
7218
2038
9133
5469
2991
5285
2939
3271
3064
413
2672
526
5202
8078
7541
2571
1407
8031
4666
8226
5473
8399
1261
7910
9967
9358
4858
2979
7408
5395
5020
6230
1411
3717
8051
4141
8242
3672
3712
6948
4047
7275
8641
7949
1176
4845
3328
9976
6509
8554
7368
4626
3666
404
9027
7211
3594
885
7341
9428
6963
3358
4152
3386
6414
4803
5739
5427
9554
1346
4787
1705
9257
3933
4635
2011
51
7964
231
7649
6732
3136
5033
456
312
7683
6578
21
7216
7446
654
7937
3621
3159
2632
1485
3221
7449
8956
2775
304
6415
9462
2504
5720
8048
2893
8417
3650
3460
8824
1814
9303
6637
1879
8466
9725
8626
5317
5109
9537
7422
3046
685
4495
3702
3894
1013
313
4820
2829
4874
7399
6306
5260
8394
725
4506
3163
8817
3098
8339
490
4990
8549
1440
4731
6019
5504
9442
7904
5913
7692
7302
3857
422
5456
8749
2383
8177
4526
8792
9210
1482
3054
858
4786
6363
8445
2289
259
2562
4025
2912
6032
9552
596
5003
5517
3661
2952
2108
4592
6252
2286
5646
120
437
7048
7261
6010
7111
4148
2484
5513
3554
7915
6606
3363
7074
3191
3048
3154
6175
6377
4139
7347
5764
757
5477
5777
4902
6376
9594
5487
8380
7575
5946
3290
4539
6994
2720
8750
2483
6666
5488
4204
7913
2598
548
3301
4915
5697
2251
4151
502
5587
4186
70
3607
290
6554
2402
1571
3448
6398
9353
8772
5684
3807
9941
2034
9632
1375
543
2530
2767
7020
7270
8056
6585
8118
5483
9339
2495
5986
1681
3503
7171
7699
5432
1190
3730
4967
3508
5253
9572
8043
3786
2719
2240
4196
4553
9255
903
3400
9507
2237
5573
9553
438
8522
5847
8128
7850
6132
3547
3902
4988
8402
9263
2918
2010
4350
6711
1241
4871
254
4477
9858
4354
6643
1656
1245
2533
8600
8045
814
8279
8613
7363
7436
5835
8609
4126
4974
5066
7660
5229
5027
2065
4164
6771
6484
576
9835
7329
170
866
8158
829
3978
81
6680
4648
4481
6817
16
2452
4352
2221
8962
3026
1996
7571
6200
8428
3726
2317
5455
6834
1556
4564
7140
5770
5194
3327
8222
2975
4400
7610
1682
4095
3756
325
7953
4667
5802
1566
571
1935
3839
4460
7615
9986
5538
2944
3147
4965
360
894
8545
3422
4541
9242
5544
8683
6719
7585
9759
7247
6647
5931
4252
4023
8788
9196
8403
8238
3862
1489
5892
4575
643
8342
7431
2371
7495
4488
5707
7983
8323
1127
7757
4358
7365
6080
9465
4091
3871
1760
1199
3608
2511
6388
2147
5999
387
9361
6279
6240
6768
3710
7906
1829
5072
4104
2191
665
5019
3663
3323
2945
6560
4226
6510
1450
8970
2796
7081
7846
8800
6797
3580
1028
4780
8463
4027
6420
1211
7479
746
7019
7102
4561
5512
7746
4733
4917
1064
1677
9762
6528
9440
5848
2682
9550
2423
1726
4129
6191
1594
6457
3052
4718
289
3329
5608
8327
9600
2056
3556
6097
3573
9648
3628
9374
5145
2220
3927
979
4317
3701
2782
3257
5465
1108
5237
5600
2283
8608
8722
8909
49
396
8794
6991
9146
6215
3982
1931
3687
4130
2790
1443
3564
974
8442
5868
5839
5706
2023
1575
6207
8897
9765
7724
1859
8472
7172
4529
5794
4403
2895
2909
7250
4326
8024
5591
937
2347
3230
8370
9198
5294
4373
4229
6045
6402
8062
1298
4942
6453
6048
9628
5410
7249
7809
8473
4980
4981
3040
9735
5737
222
525
6185
3501
3334
9824
3445
4519
4815
35
5940
7466
4193
6688
6780
7095
1725
2320
6784
8658
950
6155
159
4734
6531
146
3948
15
3865
3354
9754
8519
5572
5259
9741
54
851
1654
1785
5011
7705
7482
6611
8250
3416
4814
9181
8431
8921
7616
649
6865
3624
770
7061
7337
7866
9325
4446
487
6386
7204
4798
9892
5090
3969
7763
2172
7047
4278
7345
3916
8732
8386
3007
8570
5110
4594
7477
4689
7908
267
5338
1711
6295
5711
1132
1356
8295
3987
9114
7775
2788
1598
229
2708
7104
3700
5044
8696
6548
1720
7470
2256
8042
9034
4276
7136
9777
9091
1732
5429
6022
9755
7887
4864
9714
6941
9089
6577
1358
7415
8207
9547
5192
5389
3194
6939
5126
5152
3686
7694
5023
46
7688
2192
7161
2168
8159
6938
6174
999
5857
8084
9151
8365
4923
8680
1773
8999
869
4174
7523
3938
2270
5577
5679
7502
6742
6825
7224
6146
7982
2017
9653
3012
7417
4108
8299
2526
4997
6498
4542
938
2627
5534
9966
1972
1926
1878
3731
4649
9372
2749
161
5693
5182
7747
5605
4026
2872
1679
1347
5059
9382
9316
5772
5687
9518
9576
7372
870
9216
817
8252
3994
6870
1124
3581
8478
7969
8706
5424
6332
4863
7620
2543
174
2362
8309
1150
339
9427
4543
4825
7004
2998
774
4205
1045
9070
7685
2729
5304
7745
8080
5651
6237
5351
6347
5649
5366
9540
6566
448
1984
9729
4805
6198
3826
1258
9201
9348
5821
7030
4576
4676
5989
5685
6255
8269
7108
7163
7868
811
9677
5524
4415
4463
8102
7114
5612
8020
7936
272
972
2165
7197
1584
4134
2608
3617
5436
9894
2041
3819
3434
258
4873
1359
3164
8852
1986
6423
5941
6572
6101
6208
1230
5162
9946
5780
2378
7233
3388
3680
8385
7184
7546
3210
5555
4505
2225
1843
116
4330
5956
3472
1898
6785
5180
1967
8973
1331
6551
7752
4249
1869
6478
2028
4087
196
3736
9335
5662
9036
9985
6311
4059
1963
838
2430
3178
1991
6739
348
5829
3338
9914
9178
6460
7367
6878
7713
6805
3606
647
7902
4475
4271
4908
5752
2824
3032
846
1798
5749
7603
7935
9236
9090
41
3217
1830
7196
1735
5668
6049
1590
8846
9284
2959
7611
7851
3814
8952
7340
2415
4459
5753
6726
1091
2033
346
587
4672
3243
6430
6072
459
184
4221
1105
1628
3433
8012
7442
6887
9992
8684
5509
7529
2419
4587
5380
3039
4147
1050
47
4963
8474
6131
624
9341
4444
3587
4714
3131
590
2227
8954
8651
4398
8004
8405
9298
5817
760
6285
8491
9234
8627
6021
449
1333
408
5908
230
8931
2431
6305
4655
7803
1624
4732
9326
4756
6895
5258
850
5309
5413
3769
3115
2418
8166
8132
279
1647
1102
6307
2709
6996
1591
9188
5243
386
4375
7023
9274
8990
8064
4663
3741
8053
5295
2180
8032
4831
4082
8026
6143
6675
6428
2687
4420
2211
202
2665
8611
9482
3761
8614
7435
5328
9690
5397
3835
3011
5962
8486
55
8593
3657
6172
1192
5745
7992
3511
6929
9671
1863
7125
1146
1354
7640
4122
9187
4230
9416
1399
8870
9642
790
4913
4132
9337
3625
8392
5093
9083
3179
628
7536
3749
4810
1744
2514
6135
7244
2739
7591
1955
1562
5723
2200
1052
6197
3988
3824
4397
8116
6729
6690
2675
2257
9949
107
2130
916
564
2472
8510
9291
4150
7577
1247
961
7227
3304
947
7570
523
6934
2329
5277
6841
330
1652
5240
2217
6598
389
7333
4647
303
8633
6171
6434
6629
4323
2224
1689
176
6407
9469
96
6433
8446
2119
5478
1159
3094
4900
383
5727
4137
8875
8664
4423
19
73
4073
9826
5281
8984
6591
6661
3288
8648
2464
2982
7931
3677
4557
6004
8479
7830
4824
9944
1278
4183
6712
9370
2616
4491
4349
8815
3595
2876
5497
5936
4482
7778
2206
3896
3153
9542
3015
2340
547
3800
4086
6881
7548
4987
8424
8312
6124
3333
2194
9468
1943
5293
3049
3989
8889
9476
618
2970
9458
1288
7633
2884
8785
3305
6979
582
3609
1228
2441
3294
9521
4771
1001
1791
2940
605
4716
3803
1739
6050
660
5418
3912
7192
1428
7080
9898
7298
4409
186
872
2769
1477
8477
2586
4788
1385
9793
9110
9096
4558
546
5239
1307
8454
7063
9413
1200
1836
879
4497
5246
1577
7221
8790
2364
2810
5327
1762
175
7675
1059
9296
4535
9280
1316
6454
6016
1047
5163
4501
3802
4335
6860
4759
5056
3613
8847
4399
5674
8514
6945
2401
2532
7272
9102
139
3362
2102
728
1540
3036
1615
9311
8590
1311
6781
6875
5911
9365
7822
6872
856
7967
126
1455
8733
7387
1668
6541
4237
4585
9838
3805
8395
2575
971
3437
2753
6962
864
4001
9832
8781
6483
5503
6062
1592
7139
535
9638
6409
1737
3174
679
3331
1915
1462
8908
552
2808
5979
633
8804
2850
4215
2073
563
381
8265
4041
4595
2120
3975
6260
7614
3113
6696
514
580
1039
512
3656
7486
8350
2015
7241
4646
6018
89
9414
5906
4206
5759
1872
3913
1029
5458
9421
9815
3500
6964
7452
3368
9347
3106
5988
3145
4537
4345
4359
8661
8826
4190
5729
8281
4209
241
2416
4411
5525
8439
1367
4770
3641
5179
2004
6807
364
1730
6400
4534
5430
9596
600
3816
6782
6258
6931
1918
6642
261
5788
3494
6393
3370
2365
7509
2248
5557
7872
2332
405
1495
4682
9682
8710
4066
8143
2385
5501
7837
9003
4657
8724
4374
5880
5507
1057
6244
9531
1692
7459
2520
5561
382
897
1867
1466
7207
2662
1010
3799
7945
3345
1611
3584
2062
3050
3866
5445
669
8121
6272
867
5937
825
4790
4103
9283
2818
192
2243
7106
8540
1355
1070
6557
1653
4911
3246
8426
74
5778
3030
6668
7307
9272
793
8882
696
981
3385
6300
4696
8255
5808
4934
5334
4554
2090
6297
8304
2203
7578
5168
7295
3299
4669
4227
4279
8682
4341
1505
2075
4602
4754
1810
3897
9703
5279
5508
3527
5356
8160
7663
1020
7070
5479
5978
8152
6914
6265
5812
8698
5579
2271
982
2748
4239
9533
5683
8697
7845
1012
2656
8799
5793
6404
3116
9305
4121
7989
3544
3239
4069
584
3505
3555
9532
7836
8723
3939
6213
8274
4425
8509
4636
6803
363
2435
7349
6789
8595
2290
801
6827
9332
6220
3138
7225
8315
9694
4379
6015
7231
2559
4909
4458
5326
8561
6204
7538
2799
4353
7587
1089
9658
9208
959
6351
4329
4581
1479
3771
7576
3380
3398
3907
5035
966
797
2997
6040
7042
8396
4816
9795
5952
5031
7783
2645
3452
7423
2446
6610
1842
9881
6504
3689
6728
8311
5016
1512
9072
7895
3079
1416
9789
1790
2014
7946
5500
4474
1884
614
9938
6134
3065
6683
7079
6840
9149
2922
5470
9230
5230
9972
5222
954
1669
8623
4862
5832
8104
5431
5166
7364
4437
2593
7734
4343
4283
4018
6946
7626
5107
376
8966
7353
3884
3578
7991
6111
1318
3497
1635
7774
4743
3352
4417
4555
6371
7815
4357
7726
8711
6455
2757
6104
5252
8319
3027
715
7993
8594
125
5178
5611
1981
9494
9330
9444
7710
9037
3804
3020
8958
1650
6058
8195
837
8926
8191
610
6246
2013
6276
3591
5698
6589
4007
6667
6271
6137
6540
7891
5915
6263
855
8009
7188
6217
3468
3464
4334
3082
1640
4525
1906
28
4859
1950
9982
6116
6406
5543
7235
2492
9626
3168
818
1036
2413
9673
2742
2097
3551
2380
5409
3222
8505
9481
6624
1595
1073
2146
6801
6395
3470
9107
270
9849
2538
6894
7635
3972
5058
8936
1578
6565
1122
7709
8837
7909
7512
5137
5593
957
2219
8665
6699
721
7707
92
5518
6679
9109
5121
1629
2570
4578
5372
4574
1372
585
256
5136
9609
1369
2657
8978
5111
8406
2832
1731
1182
7473
917
5052
5042
6296
8322
6614
8871
5580
9307
7618
1481
7877
7109
6586
6753
901
6147
6692
104
7882
8425
1016
9074
7256
7723
436
7158
7458
2811
8305
1130
8644
4453
9805
8210
9994
9041
8435
805
6437
6053
2946
8060
808
8802
2396
9812
847
1373
9575
2477
151
7059
7320
530
9304
6211
1672
5705
2078
1975
5012
5604
5177
4048
5449
1989
5620
7053
5920
5889
9937
4448
78
4778
6164
1625
9349
8757
8669
1604
6381
4295
7144
8980
4870
7526
9701
5765
6847
2787
7287
8211
9054
2459
2776
9394
854
445
5244
4064
2651
3087
4898
7655
3128
1527
9707
3300
6177
308
65
6546
6149
6475
1217
6674
677
9004
7597
4405
0
4884
5079
9009
4189
3343
2005
7460
2080
5818
6074
5112
4000
7900
7740
6446
5096
2809
419
2768
4839
1128
171
5980
6755
3245
9589
2447
5842
3899
5869
7792
4774
4728
137
1202
8444
8747
6302
2184
3183
5964
1305
726
541
3425
6866
3367
1349
6157
5336
5635
7236
7029
7687
3831
56
82
545
4719
3693
2081
3099
9874
10
6596
3097
8839
9278
5405
6064
2603
3901
844
247
166
3874
5302
1096
5987
4691
5004
5263
2230
714
3514
6762
5256
2312
4791
739
4312
8065
3620
4261
4746
3827
5603
8663
3393
6745
5466
1342
6871
4659
6993
9376
4260
8059
5475
8415
1187
9888
3745
91
3232
9282
1769
9660
4160
8165
4742
5909
1748
9977
7658
1390
6194
6427
1622
6148
1324
6003
1848
6036
8675
4772
2273
2933
6412
5315
2115
2331
2652
7084
5872
4503
5735
8041
2965
997
1666
4265
9702
4476
7176
1403
2928
45
7100
9621
7813
8373
1685
1940
9331
1365
7732
201
505
4897
4865
2712
7148
5799
5884
7327
6138
3974
7714
6340
2085
8916
8883
169
8061
1009
8469
6431
8814
9524
3268
4128
2311
1890
5443
8366
8098
390
8946
6344
6616
6120
3263
1441
9820
5402
7497
764
3253
3078
5947
5362
8199
8151
9675
1224
5826
8145
5807
8010
2887
1674
572
1061
2766
7485
4169
9574
7835
6056
613
5742
2377
5245
7332
1320
5332
6467
6119
1741
1415
2022
5122
3084
9908
823
3525
3619
1254
4776
4338
2258
9115
5917
6952
7193
5017
3034
6588
9205
283
6001
3735
6499
7191
8632
2012
2785
8326
2318
483
7852
1240
9445
5040
9265
1920
5827
3830
7277
9202
8689
8544
8317
965
7886
4072
3691
1885
8630
3572
6664
5786
9185
6380
8088
7817
922
7540
6800
8930
5709
3626
4309
1835
2121
5790
432
1970
9226
4294
7018
5700
8585
3635
5226
4952
6907
4623
1201
1849
6108
1549
3456
7077
4300
469
5146
9960
1242
3404
652
8127
9958
6327
8251
8179
9317
1922
2171
8543
4043
5365
5834
377
3309
5286
9190
2950
4380
8351
9340
6441
3718
9945
697
3392
549
3251
7274
6352
421
1708
2044
8450
4093
1488
3612
1430
4402
6857
5039
8276
5877
4322
6254
5265
5645
9172
7715
6178
7405
2578
862
5224
9240
1123
9318
6704
6465
9623
2250
517
6625
5378
7924
5068
6769
4136
5357
2517
5945
5535
1787
6008
3792
6968
2296
7413
5673
5521
9454
3375
5992
6266
1005
1911
5305
1753
7284
4737
3022
425
1782
5403
1964
488
7608
682
3361
6379
5411
8035
5751
9538
3176
3570
4339
7039
2242
3502
8953
3970
2417
185
8033
4642
7293
5631
3244
7959
6525
819
1112
8736
3273
2609
4939
4293
9320
9140
7521
5221
3980
4959
6597
8131
1892
3055
9567
281
6145
5690
6082
8070
9309
6438
7041
3018
1881
9338
738
7468
7045
7706
6885
989
1695
842
9474
7199
8674
8965
5953
9541
9243
7701
9130
2658
262
6209
9192
5287
3888
4302
9709
9398
1427
7681
9134
3535
6497
6681
761
1103
9806
705
7346
4888
1345
6662
1437
6700
4895
7009
8337
7498
8192
2881
1054
8353
5944
8316
6927
9038
4414
8034
343
6671
2938
7096
874
4287
577
9108
6394
3517
2523
1205
8113
9111
812
3067
496
3463
2528
7832
8507
9990
1893
5581
7026
1227
8920
2057
294
2843
1928
4332
4619
4992
3746
8372
1387
4510
9147
7409
4546
6106
9227
7447
7038
1729
2963
4182
2276
7006
8263
5935
5602
1451
9599
1827
4389
8164
6480
4784
5024
8695
2368
4638
6361
686
8414
8587
1576
5798
9868
5100
1053
4063
6595
53
5515
2583
8182
786
6893
8383
3559
9047
1758
8123
3264
5462
8003
4037
820
264
3849
9496
8261
3314
6911
5824
5995
2734
219
9923
8038
5428
5371
9866
160
4600
210
8072
5650
3552
9012
144
7110
6594
6239
5002
4709
2053
1290
5364
6288
316
7119
8562
6861
7362
5965
4677
7619
4071
1774
4034
5688
1738
7391
6449
9019
3443
3660
5957
1189
3044
4773
9629
6650
6955
8759
560
1161
1900
2098
4298
7994
4178
5761
6224
3458
2305
1101
4075
4625
1025
7760
6012
9943
5669
891
2288
9264
2274
1858
7290
3092
5721
9846
5775
4804
8605
863
3313
7474
9449
6063
7785
6660
8927
6126
6114
9299
1632
4590
6469
9686
2929
8830
1882
2193
8983
5133
7404
8194
9757
3484
2968
2375
5997
3193
7674
244
8573
2942
3539
8092
5272
1508
7149
7131
8923
3752
8929
2215
8746
6743
4878
52
3411
8940
2091
9566
2159
1671
7300
4240
2391
9593
636
2637
7212
8416
1942
8112
3751
635
9983
2153
4753
3644
2176
9060
334
7973
9530
5726
2844
5791
2592
8187
1138
71
1148
6168
2499
2292
5876
6488
8025
1332
1099
9899
7776
1019
709
1710
2068
8016
8791
3883
7988
3296
6417
3789
3574
278
6734
5614
4819
9484
3900
2967
1364
8769
6555
4050
9516
1721
8565
9763
1921
391
9776
8745
2833
7357
4569
4194
6992
2031
2432
7024
7808
3051
3111
5392
4258
6512
8592
8686
8634
6640
7113
9818
6542
402
2308
5034
6798
6910
5825
2400
8378
7531
1707
8996
9268
8083
3417
779
9397
5390
684
341
1517
824
6218
2537
8146
3864
6458
3931
9597
60
3123
2360
8057
6901
8885
663
1456
3740
1238
2678
5439
2485
7124
8375
6819
804
5346
6824
1388
6136
8144
8321
4362
4370
8671
5865
2588
7958
5117
9129
6956
5569
1284
7722
1348
5898
1287
1142
2867
7005
2476
2723
3876
4406
7806
8055
791
135
5741
426
9453
6065
7354
9195
6495
354
1100
2839
5942
4704
6633
1198
963
7849
9688
4644
1438
472
3714
6571
931
3465
5290
1330
2018
2045
3521
4634
7528
8297
8949
7360
464
8173
6283
2327
3513
7596
3438
6286
380
769
1680
2702
1286
4889
2482
8082
6165
9948
578
8652
6561
7532
9611
826
8095
9306
225
4054
6112
9920
5396
4686
8172
7943
2569
8574
7966
539
5000
4005
8379
6129
213
8578
3676
6793
5498
2054
830
9373
2529
7985
8968
7878
1058
1156
2466
7174
3407
4024
3832
1082
9023
8801
6790
1756
3665
1684
8185
3960
6697
314
2612
4203
5423
3569
9913
1216
9269
9363
7147
9
5654
1709
1865
4643
1295
1861
1528
5415
9878
4163
3905
694
3863
2262
1374
732
7097
5747
1325
5785
7543
5471
9844
7671
9879
6494
8911
8812
2865
908
9882
1004
8629
7884
8678
2094
6773
8449
4084
9383
506
9447
7040
2572
6077
7566
3541
3713
4413
2947
6796
1621
2199
3648
3073
5158
3983
9356
8347
1210
3014
9957
2896
5725
4852
4033
8345
1600
9598
9429
7501
9165
5009
2297
8176
8228
7593
4512
4674
3045
4612
978
7750
6370
2207
5526
1824
762
50
3858
6473
788
7032
1418
911
5885
6444
1522
4764
615
332
7901
5814
2393
8271
3937
3917
7180
257
5930
2695
619
9058
9270
5622
7219
3478
7138
4725
8835
3695
7198
8728
3287
4985
7968
6278
3930
6751
3219
301
9464
1379
6109
4447
1909
7089
1678
3795
2663
4568
7430
9460
955
481
2294
8419
8058
2284
2913
238
4241
3951
7082
2128
8588
1220
9031
7812
9032
9375
1553
5886
6461
8413
2052
1181
9880
4511
7230
3867
1297
5858
2816
6843
8280
1031
7672
7773
7863
1623
7232
9418
3708
2358
9315
5732
7978
980
708
29
8811
6225
9385
1024
4656
9112
58
287
7453
17
2382
4253
63
5273
5398
8833
6876
3330
4301
7735
9615
8894
6466
9726
5542
6549
1960
645
7682
809
9563
3359
6845
6472
7098
609
7737
3670
8743
7481
1277
4368
6677
6896
9141
6947
3449
2006
416
217
9113
7292
9436
3892
430
7843
9088
566
2143
3623
3649
8960
5207
9602
2086
8784
7733
2249
6615
2568
690
1021
1597
3192
4989
4678
3144
5648
36
5755
1213
4812
7944
3188
4077
8635
7562
9386
8714
136
2093
4259
977
9749
6243
6493
1927
7782
4187
3706
996
2905
6107
3512
5559
1717
8947
7206
4962
9241
3218
7771
6592
986
7847
2698
8306
3732
595
7769
3577
7369
5584
4765
3961
3518
7313
9396
2574
8125
992
3042
6043
8758
284
4365
4480
6481
2507
6880
3848
7679
5637
8964
2620
7867
1713
420
4591
5879
6646
507
2379
2531
6713
5676
1803
3307
5541
8085
8504
7173
8520
7956
2150
1471
4925
1168
7947
4630
6502
1472
226
1246
6248
3302
6
3634
4868
9956
9543
5796
4248
5750
5464
9555
4881
9988
4346
1133
7091
3076
7037
6523
8496
8967
768
7128
2864
2350
5086
7927
6343
5156
2403
7894
7035
6319
7155
1797
8420
4960
3310
7010
9856
2990
8702
8301
4855
1184
3924
8559
5241
5597
3529
2670
6958
8655
2830
9206
9446
3033
118
5051
8381
7370
5510
6153
5173
6608
4940
3401
5575
2235
4614
2525
9650
2333
8485
6574
5208
2704
2989
22
6652
7628
8106
1579
8681
9800
9500
5677
1380
324
1660
958
2639
7590
7381
5073
9020
1185
7359
5394
5337
358
2299
3567
7844
987
8896
4745
6900
1460
8773
7283
4484
2886
8677
9665
3213
9254
6933
7950
5830
2677
2602
750
8558
5189
5961
641
1376
6233
9515
8867
794
553
1141
9603
9842
2966
8438
2960
7260
6450
1003
9406
6552
4333
7167
2779
406
7141
8216
6986
8754
7917
9746
7897
5314
3631
99
1504
9018
536
3181
7186
4514
7164
6308
7065
601
2478
6635
4149
2690
4665
8891
9008
8087
2409
1408
9478
1999
8044
7060
3737
7194
8500
4288
7099
772
8133
5845
9039
8521
1319
6775
1338
9328
1023
7315
6813
6558
329
1550
3754
7007
7282
5032
7975
7328
8105
3833
828
9635
7828
359
7112
5048
6034
6127
8094
7513
6599
557
2911
3592
832
5800
3157
736
8776
5227
780
6897
1468
9084
4479
7002
5049
6858
4822
9026
7395
3945
8618
2000
5485
3396
883
1239
2931
6482
2577
2772
3374
1826
4969
936
2707
3811
7963
7406
6362
191
427
3355
3979
3255
3923
8805
3429
33
666
749
187
7015
7905
3753
9098
8851
9056
5132
4547
3533
8046
9809
4929
4948
2110
6397
9731
2213
6489
8154
5301
6452
6600
1251
6639
8400
3828
7718
7234
7510
9400
9651
7565
429
9585
6982
8950
5610
8779
3840
8254
9200
6916
20
4304
5718
7013
114
5124
8676
683
2689
6663
1452
7021
531
4274
2954
8912
1402
8795
7657
9417
9710
1432
351
8915
1309
7475
8550
7427
7437
2638
898
8277
1368
8217
3019
9287
2783
4267
3493
1445
7143
2660
6731
2618
5329
8099
5434
3599
9249
7028
6570
3958
5926
7632
1862
9093
4792
9510
5141
4843
1722
629
9218
4944
4945
220
1212
3720
399
9760
9928
2151
8262
9975
6261
2860
3391
9136
1880
919
9791
3366
8919
6196
1781
8284
7607
8551
3152
2774
1855
1605
3365
4282
4498
6374
2691
9005
5708
6693
8506
1757
3206
3447
9191
7433
2384
668
11
8523
6035
9573
1839
5448
849
9813
4100
1086
822
6518
3856
7893
9924
2902
167
4224
1214
7920
1382
7178
7165
5949
4785
3462
3376
4941
3817
4752
8556
8163
969
3483
2185
9869
9279
4159
3678
6684
2545
2348
7012
5641
6087
6936
2718
5406
6471
588
6534
4207
4699
4161
5982
3306
7859
7997
5484
7524
467
7226
7130
4928
2676
9969
2792
2625
5816
1107
4943
4866
7600
8493
461
6543
1634
923
234
6716
3220
2692
2155
6573
9121
8006
8987
4311
3228
5280
9354
1889
5041
4143
6832
6735
7179
7559
3952
6039
9228
4566
620
3101
4679
2099
9631
6833
4058
2907
6669
8918
1646
8470
7078
5282
7965
7870
8845
9457
4074
9692
7122
2303
8147
8599
3922
143
9213
3509
2291
9916
44
6977
8938
8492
9261
7334
9352
1006
9456
4735
7239
3081
4424
1022
2260
2473
9853
8117
8318
1449
1954
6822
2069
3688
8904
311
7972
6821
5119
8568
7625
7839
1874
9362
575
2232
8719
8005
2595
1875
857
2826
7062
6085
6829
4955
4920
7869
7873
6995
7838
340
4264
322
4422
3061
1121
9077
8961
1207
9700
2001
544
3410
2067
8878
7325
9803
4366
845
375
912
6902
7871
3716
6678
7201
1565
8741
927
83
4014
9645
8267
3261
6496
7351
7599
8857
763
7465
8864
754
8332
5955
5744
5481
3171
8529
4750
8603
3
8718
1378
2024
3618
2285
7115
627
2804
3742
6961
7898
5633
4032
8344
5699
4285
1394
2696
8997
7708
1948
6953
8935
4102
1759
177
2233
1329
4983
5134
4991
1321
5203
8963
8981
1398
8369
7613
5223
7189
5968
7833
4303
5420
8910
7518
7209
3646
5724
3133
345
4601
2740
9094
4509
2890
8969
4262
9425
6429
8180
6151
7504
444
8638
1907
1736
6917
8753
7157
5981
5082
110
6702
8810
79
3431
7717
1516
8774
4618
1294
6477
9044
2372
7741
9557
8959
835
9556
9834
1596
2820
4223
8494
2626
9827
4017
6384
3654
66
1696
3806
7940
3597
5927
466
9792
8533
5213
7312
7463
4711
3214
8563
4879
607
7266
1110
1509
2535
7202
1157
7798
6002
2549
2479
6432
2706
7402
6774
216
691
9069
5828
2077
1923
1536
8662
9752
7376
2355
3351
8036
5902
1786
5717
4299
7939
3779
3457
3522
4081
6604
831
4946
7668
8524
4910
6179
9025
8821
6139
1801
3357
5482
3227
8015
412
4639
1357
4982
1111
5939
5085
2370
3004
371
8052
7934
9536
8340
1263
6641
434
8692
9126
5089
9661
7383
3340
2521
8093
1033
5851
8075
5588
3855
1079
5849
7483
5625
568
1619
9748
806
3041
4549
9342
8515
2961
3013
7484
3096
7825
4035
8376
9343
4869
9324
510
2605
4847
4872
1090
6226
7330
876
7820
7515
8108
5655
8531
2797
529
6567
7879
1533
9434
5746
6806
559
4216
2550
9103
5642
9235
1436
4455
8807
3583
285
1957
4724
4173
7246
9101
8233
712
933
1560
4218
1262
9525
3223
952
4588
9232
2599
2491
1924
8124
9486
2934
6879
5712
9171
8869
4232
700
8539
2668
7728
7310
7703
934
7393
7027
3487
7800
3728
3002
7034
1932
1630
2853
9250
7862
3639
9773
3423
7267
2457
3943
9014
5154
2653
4467
8806
8725
178
9680
1520
2209
7338
4318
5533
4885
8314
6767
7380
2730
6476
4846
4114
8324
8924
9153
9689
9509
8511
9220
5882
2515
1857
7864
207
8175
9737
1097
3280
5874
7550
3911
212
5617
6685
4002
2050
593
1965
4823
5852
7208
9740
5912
7356
5267
554
9502
6325
3971
7582
1180
6269
5489
4998
2267
2228
6714
5714
542
286
7551
3766
7087
6418
6981
9662
4620
848
7507
1370
24
5170
834
3369
2679
7602
5147
255
3963
7493
4685
7086
3949
501
369
3430
4767
7933
5440
97
1637
4272
5660
5921
7962
1170
6059
573
6538
6838
5743
8874
8434
7948
983
8358
374
8040
3080
1397
1641
9885
3932
6844
2885
9479
6766
9570
8808
836
3480
9033
297
3495
7995
7537
2471
7561
2721
8853
3201
8786
8079
8007
8767
6922
8229
4039
6921
9163
5652
3028
2246
5899
6943
9546
7976
4165
7008
4615
3066
7213
1851
4421
9831
3699
2988
6974
9796
638
460
7248
518
68
9300
1467
5795
3364
1694
4994
8546
9959
6322
2513
3035
2894
2186
8367
7786
4950
9346
4211
1547
9519
3282
7545
9293
3207
6723
6960
2996
8787
2558
9312
8451
2148
5262
8610
8030
7031
7758
237
8186
2058
5053
7135
48
3377
5545
454
2087
672
2132
1299
5167
3482
7280
5769
9794
9640
2635
3390
1554
1473
3829
3834
3785
9896
8691
1551
18
7807
3075
473
7455
2506
5993
9061
5840
2008
27
5682
6967
2680
4688
9848
2684
8975
3673
7996
3397
2076
5204
9780
9271
7711
7088
2026
799
9170
5254
8174
9169
4418
5757
8685
1617
949
5195
6485
3102
2978
5065
1644
5893
4361
2585
5907
5511
1046
9183
8487
5425
7445
3241
3889
7874
7789
9463
8742
2617
6659
8272
2981
9644
4675
6037
6754
4109
8994
6425
3057
2373
5006
3103
7011
5653
5266
7103
1151
373
7525
5367
4821
4393
2189
5585
9891
393
309
5064
2649
8293
4179
8090
656
634
3166
8820
2962
5271
6378
4310
2641
7770
6479
4090
7064
1701
4579
221
5556
9823
1335
8907
1866
7276
3653
4507
3347
2936
2883
4877
1552
6181
7622
9313
8880
9854
3965
179
2500
5568
9381
3325
2875
5623
9926
4325
7876
9345
3566
5991
7358
8374
4914
1903
37
4832
2519
7574
5447
4641
394
5805
5994
4637
5323
1162
4031
8200
1792
4348
1145
7519
9902
2898
7489
3215
6154
5303
1811
4142
4445
356
8809
2751
5833
1613
2534
5748
2994
2390
7840
9616
6776
3944
5358
1104
3146
1768
7980
8490
431
6468
843
740
4372
4008
7384
9788
7586
3697
9162
9656
8231
5773
8688
3119
6070
5340
4628
2389
4010
5971
3707
8606
962
4347
9081
7749
8905
6011
8430
5438
6831
4070
6500
6559
3875
6117
7928
8640
6193
8214
2269
2293
9836
5070
9066
2628
3860
816
9647
1802
2112
5300
320
2181
3918
7403
4429
9674
7428
8887
5157
3185
8922
8114
7727
4748
7659
9480
9843
9377
678
2095
2394
6236
9722
8303
9506
9238
2103
9522
8343
6000
9784
3588
8653
651
9727
3142
12
453
6083
2924
447
8621
7476
3524
5087
8516
810
7595
8371
2859
6517
2847
7254
8497
8384
5565
6811
7731
3455
6809
3490
729
9223
7929
2003
642
2456
4935
1545
3475
944
1065
9981
7527
1606
3967
7215
6067
7779
7647
9681
6009
4120
8455
6214
8934
2882
5895
3993
3488
4903
7491
2238
38
321
2319
6703
7648
5446
5255
9678
5760
1094
7656
7055
9498
7273
3155
5531
6786
1317
9366
6385
4430
6795
5125
2361
72
9295
555
9408
1125
4055
1919
2387
7410
6368
5474
347
5416
2156
9455
4800
9625
8354
5710
3204
680
766
8731
8021
5919
1259
5532
1463
906
5028
5414
2985
3344
777
1282
9167
4582
1383
6799
6201
3616
7725
3724
1264
2552
193
5871
6100
2429
8239
5486
9367
3775
3968
1078
9637
913
9897
158
5335
4457
6474
755
899
8834
7503
2166
9712
9412
7311
710
2197
9073
7762
657
9364
8612
7220
5636
8604
4876
6695
5130
8256
5570
5373
8937
8716
9743
988
3770
4016
8213
5197
4113
8928
9290
9964
3546
4896
4115
9654
3258
9604
2631
190
7268
1896
7394
4844
9380
9753
9715
9814
6741
7662
8941
2335
880
8995
6068
4966
1979
9699
4222
9915
6345
1686
6046
6329
1825
8597
904
5856
8001
3725
2509
2136
232
218
6545
5270
8468
7371
909
215
1154
1518
2943
1910
3909
7922
1015
9995
6353
1651
8054
9863
2063
2047
1868
3418
8616
2444
7448
8359
2629
3043
9839
6908
3010
839
5007
8636
5873
9659
3492
7385
2983
2992
1302
7317
8068
2381
3629
8393
782
8865
1377
8484
2980
5638
1665
701
5598
2089
3531
7085
2849
3156
1620
5138
6830
4841
8860
9184
7742
7392
2259
9487
7811
2043
6190
3872
9050
5083
94
9258
998
5656
7664
1417
1740
4416
5045
9876
9068
4212
9758
8149
1938
4367
1806
3413
2741
1925
653
6212
8170
3844
8764
5099
9798
260
2029
2169
300
7580
1794
9816
4242
5974
8334
6031
6366
2325
9419
9706
3279
3160
5925
7067
1944
7819
7001
6447
2915
6632
7677
2937
2650
9042
5060
6118
8868
6842
350
9138
3256
8270
4247
7348
4550
9577
7720
9217
3755
7336
7875
2116
7530
2669
6210
8230
748
7129
6820
1069
8008
8668
5966
1580
6099
7767
2852
1071
3184
2324
6812
2581
4381
7441
5781
335
7598
6123
2752
5232
6391
8495
9950
4273
4957
9448
2566
4559
7552
9209
2758
5257
9971
9828
975
528
1838
6007
9368
4056
8866
2236
6081
7907
3267
7101
1175
4999
6095
2976
5437
8076
3990
4722
3196
9987
2126
6492
3838
3507
3810
5831
8914
3424
9495
7121
2064
6235
9182
1343
3873
8018
7643
1526
4887
8066
7827
7467
8932
1974
3266
7421
6656
8739
9657
433
6691
9207
1845
8436
4551
5762
6867
6886
5353
8136
4184
5114
9693
9246
3199
1531
7666
6687
4079
277
4097
1821
1841
9322
9473
3765
130
7169
6401
3784
767
6451
745
4355
5578
5768
2923
7857
3977
1448
9239
5399
6026
9124
8942
1188
2646
6550
8091
3532
3278
7068
9062
1149
3903
4727
5069
1690
731
6899
9401
4741
4947
1035
9859
4045
7520
9605
8793
5550
800
5311
3744
9360
5297
9993
1457
3247
8687
8818
9864
3815
3381
2703
5530
6972
4621
8899
8700
4762
3764
9804
2539
9548
2170
9860
3498
1306
5875
5514
5670
3403
6638
6672
275
8751
650
8457
2648
5549
6144
7434
7829
243
4499
3781
2661
896
1529
6459
6787
9000
8761
1044
2580
302
8198
9302
3698
8260
4681
6522
7286
1883
328
6746
5078
6456
296
7093
1777
7496
2831
6928
9082
8756
8879
9695
7916
8156
2644
103
8150
9371
1816
6715
9669
7492
9779
4004
88
475
4387
6110
3023
9013
2049
4292
5251
7954
1745
7918
8310
9215
895
4605
9613
6173
6863
1661
3586
1657
7594
3017
3016
5150
164
1961
5451
7739
8240
6315
2231
4469
1752
1497
7903
4327
5077
8836
1636
6852
8547
9100
1400
7505
9861
1980
3808
789
9591
3441
3790
8501
8796
4760
689
8971
2780
9535
1487
6603
1147
9817
4747
6078
2316
4021
8679
8943
7309
1037
4749
2070
2984
8701
9774
327
5977
6270
815
6654
6764
521
7542
3796
3893
4394
1026
9048
6334
8560
5804
4336
3843
4315
6935
2761
7831
9936
75
9704
4238
787
8349
3093
7418
239
8877
9907
9123
7451
7075
9301
6360
417
5933
9830
9974
477
5519
1985
3474
6708
3809
6086
1675
8581
5131
6027
4972
4201
5691
7853
1916
7781
9002
9822
163
2527
8401
1538
435
2914
9501
5924
8873
6253
7490
1077
3957
3530
172
5098
3312
6113
9431
4454
3332
9965
5972
2910
6757
6854
1404
206
9837
886
3383
8713
6281
9166
1164
1032
8976
7352
9775
5349
9391
2489
112
5948
3284
6835
1912
953
491
8823
8452
8296
3234
1350
2607
9592
2263
342
9565
1987
1351
9052
8586
5187
991
5583
9984
2977
8735
6216
9131
1655
5634
841
1766
5080
1422
9562
9865
9028
2840
7554
9321
925
8843
4386
2813
2971
3190
520
9402
3069
8567
7919
9122
611
9443
6464
1558
1243
9768
4452
7397
1917
2343
9467
3114
5228
361
807
7278
4976
5797
5844
7323
4436
9595
9186
4195
9245
7156
5536
6121
7716
5643
8183
4853
395
367
1750
4052
443
6575
8069
9622
1610
1532
205
3047
5108
6648
2806
9119
8715
2565
1361
7478
5963
8752
87
7802
4003
4131
4038
3442
5537
3995
8727
1751
561
4244
550
5658
6520
8575
4489
4246
1844
9571
2610
5881
9212
7841
5046
4793
6998
8712
2279
9281
5374
8763
7200
8862
6856
1433
2131
235
7553
1274
1431
9132
9046
7396
9905
458
1514
3317
8717
4101
1755
6877
2921
9724
4443
6487
3249
3723
6333
6673
7912
1941
1249
9203
1877
1106
8235
1612
5387
250
8467
6779
352
2855
6836
7000
5630
4918
2142
6387
6617
1599
9173
3878
8730
7439
4442
8244
3252
8288
2445
9940
2619
9935
1704
5401
4307
5123
152
4473
8591
6014
8245
1353
6670
2346
7259
9884
4099
200
2392
8168
3021
3212
9319
7730
5823
5261
409
648
7183
2309
892
6069
3935
6759
6262
8881
1837
1215
2486
1092
1511
4979
4751
7634
1186
9578
2891
4603
5264
9782
893
1442
3675
4466
8955
3005
6242
6298
1129
513
7955
1465
4851
4698
471
1313
4029
4631
9887
7557
1095
4616
336
1846
9528
1007
6978
8253
2145
7511
8708
1413
7999
2573
8848
2874
3719
2771
803
6411
9384
3986
6419
9643
8856
3315
6888
5713
8827
9561
4057
5663
5574
6816
1038
6284
3778
6264
1049
3658
9247
2863
4996
2467
7419
2920
3549
3885
4660
9237
1664
7500
8248
6971
7624
7281
9580
2851
5774
7606
8534
253
1498
751
3001
6727
5184
3859
6290
6396
2615
3880
370
6205
1093
4715
9786
2861
7022
9214
8227
9403
6975
4710
423
9405
9350
2161
150
9717
2544
5209
8734
323
4490
25
5076
4652
8475
9919
319
9801
7366
9260
4412
9225
1276
6612
9327
5408
1959
3739
131
4700
1764
500
2956
8822
3992
9142
773
4255
1608
674
6257
4068
8631
6424
4135
8408
9911
5421
450
7821
9357
7534
1314
8404
7981
7842
8654
1341
7303
7251
7350
1662
4837
9229
5696
4231
1939
5529
7375
6156
6535
1503
6183
263
4228
8901
7788
6804
251
5467
7304
4567
1014
5855
602
1544
7454
3121
42
8704
1439
1303
4956
9420
7291
3662
2345
8196
7168
269
4219
2002
4867
8892
1203
189
5249
9517
1327
591
7569
6331
6645
8275
5576
7564
3143
3009
8517
4356
6223
8103
2756
2685
4516
86
6392
4651
9733
9534
3703
5298
9646
1172
9197
7921
7555
1312
2218
1603
276
4185
5325
1778
6913
5644
9393
2281
6524
8190
2606
1275
4284
9253
4520
7033
2841
2754
9387
1362
2158
9160
5996
4795
7795
6733
8212
5822
6562
5560
6649
1834
318
9336
6748
8737
9666
7780
8011
3132
403
6957
8412
3029
2307
4836
9430
7990
4608
5613
878
1524
5954
5071
183
6442
8410
7651
3208
9679
1424
5094
6390
699
4528
9390
7639
4012
4243
4629
6826
1328
984
246
8948
1116
2750
153
7269
6501
9770
127
9472
6628
9730
9587
659
2037
5975
7217
4465
7793
3200
180
8363
6287
5571
1484
3868
9630
4433
743
8119
7700
2301
1573
1475
6636
317
7480
2642
349
2310
1667
8572
6777
1587
1895
288
5672
8798
4060
3435
5866
771
7238
7252
1173
7636
3088
7214
1040
5291
3593
1583
299
6408
5601
9199
4518
4456
5005
8536
9106
6694
2726
765
7092
7612
3954
4517
1401
9850
9323
2503
2926
9395
4171
4053
5014
5702
400
9040
4861
1169
3950
1568
480
4364
9961
442
5998
7765
6405
9877
4775
7627
4344
3248
9087
5916
3409
3526
3794
1
3743
5522
1060
5331
716
9583
6316
9461
3277
5566
4438
6651
5312
1847
5050
1904
4390
7237
5624
2821
465
489
4572
7054
3137
4396
8236
1946
8286
39
7644
2323
2453
4777
2584
1300
1304
759
8002
1492
5564
9423
3283
6569
9001
537
6770
4703
9608
7609
3151
2666
4236
5047
9422
9586
2869
2436
2835
3135
9285
2272
8673
2880
2870
5308
9512
2277
9527
4580
6618
8729
5101
4306
6324
3281
5088
3216
7072
724
7117
298
9857
2314
8266
3122
2964
8589
3553
8903
1718
273
2731
5592
1406
6256
4924
9179
2919
115
9558
4426
511
3914
2622
5176
2071
2722
9807
9912
2828
8027
2686
2733
5013
565
2579
3140
7444
3254
527
479
2969
7961
6791
4337
5388
7264
8512
1409
9619
4162
8555
889
8028
5296
9508
9513
2614
6730
3450
8203
8557
8770
7412
7499
4061
6229
5722
2888
4912
1337
1444
7450
204
5969
9399
4806
6580
1569
2214
2633
9297
7443
9118
4849
9329
9997
6864
7637
2541
2845
8209
2516
5810
8642
939
9491
9870
9017
5506
5983
9771
8234
2688
9392
926
3326
3928
6241
7826
4606
6359
3148
6052
6247
8308
3195
1117
8576
2280
1483
9893
5160
9772
6383
3998
2955
4155
1447
4986
7696
8258
852
4654
5172
4180
1334
7243
7858
214
9078
4530
8564
5359
3906
7073
4085
4316
6275
9051
6028
2746
2497
5647
4076
540
4662
7170
6088
8906
2079
8518
2475
9120
5516
1076
5784
2512
6837
4906
9750
7299
1567
7899
6556
2295
8766
2759
8782
2451
9998
1177
1248
1642
9931
1459
671
2096
3421
8548
3161
5694
9767
5903
9720
8122
8979
7016
9314
3308
5407
1808
8513
3604
8525
907
5348
2287
1585
2879
1234
6514
9745
2817
7784
84
5288
4116
6076
534
1819
1137
8237
8232
3984
704
2173
1627
632
930
8205
3869
7411
9233
7361
4382
5766
3734
165
3394
3973
3292
5143
7941
6988
9177
9968
493
132
5215
157
8775
1683
4968
6357
7153
9411
1770
4434
6828
1083
1435
2546
3486
7271
4251
9079
5008
8181
1804
2113
9127
9010
6321
3904
7374
1813
5233
2693
6802
4328
306
310
3342
747
2897
4830
9978
8346
5442
6426
9790
3774
2683
7242
1789
6862
8859
4761
7203
9222
8081
1272
2458
5495
6231
4192
9092
9477
3936
1027
3801
7263
4796
484
8335
6778
6653
7105
1765
8998
3637
8649
6445
4296
5318
1066
7046
5316
9947
655
3467
7057
4369
2201
5218
1158
2745
589
713
2505
3126
385
6403
415
8917
8703
9951
5967
1994
7702
7255
8672
6985
2167
5701
7469
2624
4933
5854
7738
499
2407
13
2800
8974
5216
2388
7977
2522
833
586
3846
4250
6245
1480
3929
7911
292
1420
5681
7166
7429
2369
1074
2993
8097
6416
6057
5460
7058
6665
5144
945
1958
5118
9909
6038
9867
7719
6868
1197
3269
722
744
2351
4036
3523
8985
7388
2866
2623
673
5867
9697
8876
4838
532
3797
7693
1698
7573
6744
5450
7205
7181
695
5370
664
8421
993
1933
7223
5932
9588
6130
2261
2805
7579
4781
9076
3125
9734
3565
5811
1134
9099
1854
6932
338
1831
8208
8499
4926
2823
2949
4720
4188
7885
5853
4083
9526
5870
2175
792
7754
128
5523
8407
6055
4432
8532
902
7790
7461
1997
9355
7932
4439
1283
6294
1244
7890
8598
9022
7880
32
9539
2556
6365
8268
5715
7326
4106
8726
8797
5191
7355
8037
2812
4385
9259
8705
3233
4604
3419
8307
4964
6061
1850
291
7883
5283
5417
76
5095
7823
9504
8957
5973
7860
6737
1226
14
1174
7373
3510
6162
2794
2465
8526
5546
482
4596
890
4392
6818
1733
7673
8783
7986
3319
8670
6507
8302
4883
3226
2356
3955
7881
581
9085
4954
3105
8050
3476
1474
6950
4391
6823
7680
5454
6073
7791
7787
4067
7689
8986
9520
8530
9432
2803
2326
4828
3489
6749
1775
5347
6267
3543
7517
737
6905
8498
4707
8625
1494
7151
5313
5055
2074
8013
4500
1260
293
9781
9903
3402
6516
7457
8074
7324
3645
6323
2958
2694
8440
7342
4563
2469
1423
2367
5
8643
6222
5441
7472
8890
3461
3560
4571
9655
1469
7331
2025
6094
6942
7601
8461
6808
8646
9855
612
4111
141
1490
1510
8780
6440
6752
3203
368
7116
8148
2196
4531
5758
1140
9952
4441
4013
148
707
2701
6249
7801
940
31
6882
6707
9493
1042
1171
7684
9251
3382
6341
5819
8
1673
5368
4321
6093
274
646
7772
5900
3601
4217
2195
6274
1542
5914
8489
3339
1936
3090
476
7506
574
2760
5212
3071
1229
1638
7759
778
3611
4766
6815
4622
4280
8579
333
1864
6330
3615
1323
1983
3068
2268
8720
9979
7398
4695
9168
9744
3820
4040
3854
7925
1949
8893
7175
3371
8361
2589
4009
7761
8849
233
5276
9389
6584
9551
9989
3209
4835
7544
4234
1812
3000
2106
5310
8913
1901
9437
7678
733
6873
6533
6186
9785
129
6221
9716
6103
9872
2655
4856
1257
4492
5860
3006
6859
2454
5284
9189
3053
9889
9137
6537
2188
3561
2461
2306
7661
7970
693
5910
1250
4627
8249
411
956
1139
8019
4006
990
4701
3515
9668
6133
9145
4427
9267
7316
8397
5756
9505
5548
3696
5619
5386
9438
3289
985
7187
1969
1493
9568
3158
2264
6375
4046
4523
9811
1165
7984
5771
3715
8368
8071
9833
7389
6623
9159
6125
43
2591
9808
7245
8289
8460
9378
7118
7379
6317
5075
7094
8247
1645
5787
5703
1075
2032
8161
4829
4020
9545
6486
4470
1614
407
8134
9452
8290
2725
2995
6587
8748
4522
5461
5731
3286
5562
5888
5385
5151
1143
9607
8707
6336
